% Start time (local timezone): 2017-06-12 09:56:32,943; End time (local timezone): 2017-06-13 09:56:32,943

% Logger.OPC.Channel1.Device2.Tank1.Status.verdiPerMin		Logger.OPC.Channel1.Device2.Tank2.Status.verdiPerMin	Logger.OPC.Channel1.Device2.Tank3.Status.verdiPerMin	Logger.OPC.Modbus.CR1000Datalogger.T_a	

% Interpolative		Interpolative	Interpolative	Interpolative	

% Time UTC	Value	Value	Value	Value	

2017-06-12 07:56:32,943	5,017102E-02	0,3952883	0	12,87374	

2017-06-12 08:06:32,943	4,895154E-02	0,2221563	0	12,89699	

2017-06-12 08:16:32,943	4,504382E-02	0,1484422	0	13,19042	

2017-06-12 08:26:32,943	4,125854E-02	9,351172E-02	0	13,51967	

2017-06-12 08:36:32,943	3,637573E-02	5,714061E-02	0	13,82572	

2017-06-12 08:46:32,943	3,600939E-02	3,882421E-02	0	13,92595	

2017-06-12 08:56:32,943	3,515625E-02	2,393281E-02	0	14,14433	

2017-06-12 09:06:32,943	3,515625E-02	1,464844E-02	0	13,43737	

2017-06-12 09:16:32,943	3,381483E-02	6,340632E-03	0	13,08931	

2017-06-12 09:26:32,943	0,0350343	4,882813E-03	0	13,3157	

2017-06-12 09:36:32,943	3,137097E-02	3,667963E-03	0	13,0616	

2017-06-12 09:46:32,943	3,112658E-02	3,667963E-03	0	13,34434	

2017-06-12 09:56:32,943	3,259535E-02	1,21485E-03	0	13,43199	

2017-06-12 10:06:32,943	3,357044E-02	2,672669E-03	0	13,55547	

2017-06-12 10:16:32,943	3,478992E-02	1,416718E-02	0	13,0616	

2017-06-12 10:26:32,943	3,112658E-02	7,152735E-02	0	12,61429	

2017-06-12 10:36:32,943	3,015149E-02	8,007813E-02	0	12,32091	

2017-06-12 10:46:32,943	0,0299071	8,007813E-02	0	12,27977	

2017-06-12 10:56:32,943	3,137097E-02	0,1751501	0	12,39179	

2017-06-12 11:06:32,943	0,1851707	8,595547	0	12,15293	

2017-06-12 11:16:32,943	0,5350392	10,22803	1,058842	12,05917	

2017-06-12 11:26:32,943	0,6013171	10,05959	1,009979	12,0779	

2017-06-12 11:36:32,943	0,5412585	6,42209	0,6574041	12,0779	

2017-06-12 11:46:32,943	0,5188001	4,663993	0,6387017	12,03676	

2017-06-12 11:56:32,943	0,5948485	7,357975	0,9762992	11,83104	

2017-06-12 12:06:32,943	0,521122	4,781115	0,695038	11,83104	

2017-06-12 12:16:32,943	0,4476344	3,205078	0,5762508	11,76659	

2017-06-12 12:26:32,943	0,4599609	4,494287	0,7012508	11,72545	

2017-06-12 12:36:32,943	0,5449219	5,83585	0,9163083	11,72626	

2017-06-12 12:46:32,943	0,4925563	3,266886	0,6637939	11,82647	

2017-06-12 12:56:32,943	0,5585849	6,853639	0,8423736	11,79366	

2017-06-12 13:06:32,943	0,5560338	2,75614	0,8087937	11,81692	

2017-06-12 13:16:32,943	0,4852296	1,023054	0,4450684	11,78829	

2017-06-12 13:26:32,943	0,7361998	9,622363	1,137394	11,58781	

2017-06-12 13:36:32,943	0,7536634	2,759346	0,9800765	11,64688	

2017-06-12 13:46:32,943	0,8535117	3,92129	0,8298467	11,62898	

2017-06-12 13:56:32,943	1,085078	4,918534	1,167346	11,67015	

2017-06-12 14:06:32,943	1,263546	2,04196	1,090038	11,79366	

2017-06-12 14:16:32,943	1,419673	1,360497	0,853851	11,88134	

2017-06-12 14:26:32,943	1,582517	0,5788398	0,6850213	12,0818	

2017-06-12 14:36:32,943	1,719849	0,2776008	0,5350582	12,24648	

2017-06-12 14:46:32,943	1,85498	0,168707	0,4323848	12,24648	

2017-06-12 14:56:32,943	1,958737	0,0986375	0,384949	12,05745	

2017-06-12 15:06:32,943	2,025872	6,642498E-02	0,3651736	12,12297	

2017-06-12 15:16:32,943	2,075073	4,737499E-02	0,3375975	12,16753	

2017-06-12 15:26:32,943	2,077268	3,027344E-02	0,3000488	12,18348	

2017-06-12 15:36:32,943	2,060059	1,610626E-02	0,2826051	12,03676	

2017-06-12 15:46:32,943	2,03479	1,489141E-02	0,25	12,16023	

2017-06-12 15:56:32,943	2,008546	9,765625E-03	0,2199707	12,24257	

2017-06-12 16:06:32,943	1,962771	8,550775E-03	0,2012268	12,17812	

2017-06-12 16:16:32,943	1,91382	5,616405E-03	0,1901248	12,0314	

2017-06-12 16:26:32,943	1,863893	1,21485E-03	0,180115	12,06001	

2017-06-12 16:36:32,943	1,813722	3,667963E-03	0,1699826	12,14234	

2017-06-12 16:46:32,943	1,766239	3,667963E-03	0,1550293	12,40718	

2017-06-12 16:56:32,943	1,727669	5,125782E-03	0,1474726	12,34276	

2017-06-12 17:06:32,943	1,668702	3,667963E-03	0,1375002	12,16023	

2017-06-12 17:16:32,943	1,61023	4,401555E-03	0,1337949	12,1137	

2017-06-12 17:26:32,943	1,571166	1,21485E-03	0,1262148	11,93122	

2017-06-12 17:36:32,943	1,504883	3,667963E-03	0,1200564	11,83104	

2017-06-12 17:46:32,943	1,463991	4,401555E-03	0,1149902	11,83104	

2017-06-12 17:56:32,943	1,407595	3,667963E-03	0,1124998	11,7487	

2017-06-12 18:06:32,943	1,358644	3,667963E-03	0,1062561	11,7487	

2017-06-12 18:16:32,943	1,304809	3,667963E-03	0,10249	11,6843	

2017-06-12 18:26:32,943	1,25403	1,21485E-03	0,1000369	11,58412	

2017-06-12 18:36:32,943	1,197385	0	0,0951541	11,54295	

2017-06-12 18:46:32,943	1,155151	0	0,0949707	11,50182	

2017-06-12 18:56:32,943	1,109863	4,401555E-03	8,496094E-02	11,50182	

2017-06-12 19:06:32,943	1,066161	1,21485E-03	8,623653E-02	11,41951	

2017-06-12 19:16:32,943	1,01599	0	7,883986E-02	11,46602	

2017-06-12 19:26:32,943	0,9812049	3,667963E-03	8,386874E-02	11,54295	

2017-06-12 19:36:32,943	0,9399414	0	8,110958E-02	11,54295	

2017-06-12 19:46:32,943	0,9000243	0	8,007813E-02	11,50182	

2017-06-12 19:56:32,943	0,8651124	1,45782E-03	7,634942E-02	11,35512	

2017-06-12 20:06:32,943	0,8337415	1,21485E-03	7,128321E-02	11,39889	

2017-06-12 20:16:32,943	0,8013954	1,21485E-03	7,758769E-02	11,44107	

2017-06-12 20:26:32,943	0,7698976	4,882813E-03	7,758769E-02	11,42317	

2017-06-12 20:36:32,943	0,7438977	3,667963E-03	7,000761E-02	11,39991	

2017-06-12 20:46:32,943	0,7188734	6,097662E-03	7,006836E-02	11,25856	

2017-06-12 20:56:32,943	0,6927516	4,001565E-02	7,128321E-02	11,25856	

2017-06-12 21:06:32,943	0,6723608	1,298066	9,624629E-02	11,21739	

2017-06-12 21:16:32,943	0,7022679	2,232384	0,2187932	11,24066	

2017-06-12 21:26:32,943	0,69739	1,705055	0,2700195	11,28183	

2017-06-12 21:36:32,943	0,7348633	3,426561	0,3874149	11,28183	

2017-06-12 21:46:32,943	0,8664489	6,719852	0,7822403	11,25856	

2017-06-12 21:56:32,943	0,8072533	2,602919	0,8862246	11,31305	

2017-06-12 22:06:32,943	0,7764881	3,093878	1,06753	11,25958	

2017-06-12 22:16:32,943	0,8239709	5,643038	1,603513	11,21739	

2017-06-12 22:26:32,943	1,102903	10,83657	3,774798	11,11259	

2017-06-12 22:36:32,943	0,9201711	3,185393	3,39531	11,13686	

2017-06-12 22:46:32,943	0,7862587	1,496416	2,308708	11,13686	

2017-06-12 22:56:32,943	0,7049562	0,7699966	1,583831	11,07242	

2017-06-12 23:06:32,943	0,6702882	0,6674914	1,260058	11,03125	

2017-06-12 23:16:32,943	0,6687024	0,6762646	1,064989	11,07319	

2017-06-12 23:26:32,943	0,6798095	0,8899515	0,9474607	11,01515	

2017-06-12 23:36:32,943	0,7451123	2,966282	1,141243	11,01515	

2017-06-12 23:46:32,943	0,7762437	1,431349	1,311273	11,14401	

2017-06-12 23:56:32,943	0,7752687	0,7224917	1,169945	11,11537	

2017-06-13 00:06:32,943	0,7835705	0,5662401	1,002576	11,13866	

2017-06-13 00:16:32,943	0,7900391	0,4474988	0,8775384	11,09746	

2017-06-13 00:26:32,943	0,7961413	0,3187708	0,7638611	11,11537	

2017-06-13 00:36:32,943	0,8116444	0,2487548	0,683783	11,11537	

2017-06-13 00:46:32,943	0,824829	0,2025037	0,6186582	11,16192	

2017-06-13 00:56:32,943	0,8325171	0,1525159	0,5349121	11,26216	

2017-06-13 01:06:32,943	0,8450929	0,1225009	0,4975096	11,30333	

2017-06-13 01:16:32,943	0,8522922	0,1112622	0,4437928	11,34349	

2017-06-13 01:26:32,943	0,8651124	8,501438E-02	0,4188297	11,34166	

2017-06-13 01:36:32,943	0,8713366	7,375939E-02	0,3800662	11,40527	

2017-06-13 01:46:32,943	0,877439	6,500244E-02	0,3451541	11,38738	

2017-06-13 01:56:32,943	0,8814686	0,0550156	0,3286191	11,42317	

2017-06-13 02:06:32,943	0,885132	4,875017E-02	0,305115	11,44644	

2017-06-13 02:16:32,943	0,877439	0,0449905	0,2836972	11,46434	

2017-06-13 02:26:32,943	0,8786634	4,000854E-02	0,2712344	11,48761	

2017-06-13 02:36:32,943	0,867307	2,999878E-02	0,2625855	11,50551	

2017-06-13 02:46:32,943	0,8675563	2,999878E-02	0,2424434	11,48224	

2017-06-13 02:56:32,943	0,8624291	2,501682E-02	0,2374998	11,58781	

2017-06-13 03:06:32,943	0,8497313	2,123423E-02	0,2287656	11,58781	

2017-06-13 03:16:32,943	0,8389906	1,999661E-02	0,2236994	11,61108	

2017-06-13 03:26:32,943	0,8324	1,623694E-02	0,2099609	11,62898	

2017-06-13 03:36:32,943	0,8201905	1,500706E-02	0,2038025	11,62898	

2017-06-13 03:46:32,943	0,8060289	9,986841E-03	0,198859	11,65225	

2017-06-13 03:56:32,943	0,8026149	0,0137465	0,1950684	11,67015	

2017-06-13 04:06:32,943	0,7847899	1,000217E-02	0,1887266	11,75249	

2017-06-13 04:16:32,943	0,7736829	9,986841E-03	0,1825681	11,70596	

2017-06-13 04:26:32,943	0,7597656	1,000217E-02	0,1699826	11,75249	

2017-06-13 04:36:32,943	0,7512195	1,000217E-02	0,1737732	11,72815	

2017-06-13 04:46:32,943	0,7401124	1,000977E-02	0,1725584	11,6843	

2017-06-13 04:56:32,943	0,7237563	1,000217E-02	0,1662539	11,76742	

2017-06-13 05:06:32,943	0,7111804	6,242511E-03	0,1650391	11,83104	

2017-06-13 05:16:32,943	0,7050781	6,250104E-03	0,1561215	11,97237	

2017-06-13 05:26:32,943	0,6872532	8,764545E-03	0,1562441	12,20137	

2017-06-13 05:36:32,943	0,6788344	6,227179E-03	0,1550293	12,32484	

2017-06-13 05:46:32,943	0,6650391	8,764545E-03	0,1548459	12,48952	

2017-06-13 05:56:32,943	0,6549071	4,981958E-03	0,1548459	12,48952	

2017-06-13 06:06:32,943	0,6450195	5,004883E-03	0,1499631	12,48952	

2017-06-13 06:16:32,943	0,636107	1,237628E-03	0,1499023	12,51277	

2017-06-13 06:26:32,943	0,6237805	3,759662E-03	0,1438047	12,58971	

2017-06-13 06:36:32,943	0,6126686	1,245221E-03	0,140076	12,54854	

2017-06-13 06:46:32,943	0,6049805	0	0,1411682	12,40718	

2017-06-13 06:56:32,943	0,5950929	3,736737E-03	0,1399533	12,30611	

2017-06-13 07:06:32,943	0,5849609	1,245221E-03	0,1399533	12,23609	

2017-06-13 07:16:32,943	0,5750734	3,759662E-03	0,1362246	12,13588	

2017-06-13 07:26:32,943	0,5677516	3,759662E-03	0,1311584	12,24707	

2017-06-13 07:36:32,943	0,5548095	1,245221E-03	0,1299435	12,51277	

2017-06-13 07:46:32,943	0,5412585	0	0,1300662	12,73647	


